start=1.533333
volume=18.000000
