start=23.899000
volume=32.000000
