start=1013.366667
volume=113.000000
sub-delay=0.100000
sub-pos=101.000000
sub-ass-override=force
